Counts: 951 991 1051 1060 1077 946 988 1046 964 926 Chi^2 statistic: 26.56 p-value:  .001653
Counts: 927 932 953 1002 1053 1074 1054 942 1003 1060 Chi^2 statistic: 30.34 p-value: .000384
Counts: 1055 1052 1090 950 989 1069 945 912 947 991 Chi^2 statistic: 34.87 p-value: .000063
Counts: 913 947 980 1059 1056 1098 941 991 1050 965 Chi^2 statistic: 34.286 p-value: .00008
Counts: 928 941 1000 1041 1076 1078 938 1003 1067 928 Chi^2 statistic: 35.732 p-value: .000044
Counts: 1058 1080 958 987 1034 983 912 950 984 1054 Chi^2 statistic: 26.558 p-value: .001655
Counts: 1052 1090 951 988 1050 982 913 943 974 1057 Chi^2 statistic: 30.916 p-value: .000306
Counts: 908 948 935 1030 1051 1093 1012 962 1023 1038 Chi^2 statistic: 31.104 p-value: .000284
Counts: 945 1016 1040 912 949 953 1018 1056 1087 1024 Chi^2 statistic: 29.04 p-value: .000638
Counts: 1003 1058 1060 1067 954 993 1059 949 920 937 Chi^2 statistic: 30.078 p-value: .000426

Summary: My generator sucks S:(